2014	08	01	第1學期開始
2014	08	21	第1學期新生學雜費減免申請開始
2014	08	24	祖父母節
2014	08	25	102學年度暑期班上課最後一天
2014	08	26	102學年度暑期班考試週開始
2014	08	27	102學年度第2學期完成學位考試之研究生最後離校日
2014	08	31	暑假結束，第1學期新生學雜費減免申請截止、弱勢助學計畫申請開始

2014	09	01	102學年度暑期班考試週開始
2014	09	01	圖書館恢復學期中開館時間結束
2014	09	05	教師送繳102學年度暑期班成績截止日，學生宿舍開始進住
2014	09	08	中秋節，圖書館休館
2014	09	09	新生(含專班)抵免學分申請開始
2014	09	09	新生註冊週開始
2014	09	10	新生(含專班）第一階段選課開始
2014	09	12	新生(含專班)第1學期就學貸款申請截止日
2014	09	12	新生註冊週結束
2014	09	14	新生（含專班）第一階段選課結束
2014	09	15	上課開始，研究生舊生註冊，第1學期研究生學位考試申請開始
2014	09	15	學生加退選（第二階段選課）開始
2014	09	15	碩士專班舊生註冊開始
2014	09	16	學士班舊生註冊開始
2014	09	17	全體在校生(含專班）註冊截止日
2014	09	17	學士班舊生註冊結束
2014	09	17	碩士專班舊生註冊結束
2014	09	22	新生(含專班)抵免學分申請結束
2014	09	29	學生加退選（第二階段選課）結束
2014	09	29	第1學期研究生學位考試開始
2014	09	30	社會服務學習執行計畫第一梯次選擇開始

2014	10	04	社會服務學習執行計畫第一梯次選擇結束
2014	10	10	國慶日
2014	10	13	召開第103次校務會議
2014	10	15	學生繳交「不參加學生團體保險同意書」截止日，碩士專班學生申請參加學生團體保險繳費截止日
2014	10	20	弱勢學生助學計畫補助申請截止日
2014	10	24	學生申請休、退學退費上課達1/3基準日
2014	10	25	本校校慶運動會
2014	10	31	本校校慶

2014	11	10	期中考試週開始
2014	11	16	期中考試週結束
2014	11	17	提出當學期棄選、更改不列入畢業學分屬性申請開始

2014	12	01	第2學期學雜費減免申請開始
2014	12	05	學生申請休、退學退費上課達2/3基準日
2014	12	15	第1學期研究生學位考試申請截止日
2014	12	29	第2學期學雜費減免申請開始
2014	12	30	畢業班學生申請放棄輔系、雙主修截止日
2014	12	31	提前畢業學生提出畢業申請截止日，提出當學期棄選申請截止日
2014	12	31	第2學期學雜費減免申請結束

2015	01	01	中華民國開國紀念日
2015	01	02	第2學期學雜費減免申請結束
2015	01	02	第2學期第一階段選課開始
2015	01	08	第2學期第一階段選課結束
2015	01	09	上課最後一天，申請本學期休學截止日，更改不列入畢業學分屬性申請截止日
2015	01	12	召開第104次校務會議
2015	01	12	期末考試週開始
2015	01	15	第1學期研究生學位考試結束，各系所向教學組提出申請第2學期逕讀博士學位學生有關資料截止日
2015	01	18	期末考試週結束
2015	01	19	寒假開始(圖書館寒假開館時間開始)
2015	01	21	學生宿舍退宿完畢
2015	01	28	任課教師送繳學期成績截止日
2015	01	31	學士班當學期畢業生登錄「英文能力」及「資訊能力」最後截止日，第1學期結束

2015	02	01	第2學期開始
2015	02	08	全校停電（本校特高壓電力設備年度保養），圖書館休館，體育館休館
2015	02	10	第1學期完成學位考試之研究生最後離校日
2015	02	17	圖書館休館
2015	02	18	農曆除夕，圖書館休館，學生宿舍關閉，體育館休館
2015	02	19	春節，圖書館休館，學生宿舍關閉開始
2015	02	23	春節，圖書館休館，學生宿舍關閉結束
2015	02	24	寒假結束(圖書館恢復學期中開館時間)，學生宿舍開始進住 ，第2學期就學貸款申請截止日
2015	02	25	上課開始，提早入學新生註冊，研究生註冊，第2學期研究生學位考試申請開始
2015	02	25	學生加退選（第二階段選課）開始
2015	02	25	提早入學新生、新增課程抵免學分申請開始
2015	02	25	碩士專班學生註冊開始
2015	02	26	學士班學生註冊
2015	02	27	和平紀念日逢星期六補假（依行政院公告）
2015	02	28	和平紀念日

2015	03	02	全體在校生（含專班）註冊截止日
2015	03	02	學士班學生註冊
2015	03	02	碩士專班學生註冊結束
2015	03	04	提早入學新生、新增課程抵免學分申請結束
2015	03	10	學生加退選（第二階段選課）結束
2015	03	11	社會服務學習執行計畫第一梯次選擇開始
2015	03	11	第2學期研究生學位考試開始
2015	03	15	學生繳交「不參加學生團體保險同意書」截止日
2015	03	15	社會服務學習執行計畫第一梯次選擇結束

2015	04	01	校際活動（停課，課程由教師自行擇期補課）開始
2015	04	02	校際活動（停課，課程由教師自行擇期補課）結束
2015	04	03	兒童節逢星期六補假（依行政院公告）
2015	04	04	兒童節
2015	04	05	民族掃墓節，圖書館休館
2015	04	06	民族掃墓節逢星期日補假（依行政院公告）
2015	04	07	補運動會活動未放假（放假一天）
2015	04	08	學生申請休、退學退費上課達1/3基準日
2015	04	13	召開第105次校務會議
2015	04	22	期中考試週開始
2015	04	28	期中考試週結束
2015	04	29	提出本學期棄選、更改不列入畢業學分屬性申請開始

2015	05	01	104學年度第1學期學雜費減免申請開始
2015	05	01	勞動節
2015	05	18	學生申請休、退學退費上課達2/3基準日
2015	05	31	104學年度第1學期學雜費減免申請結束

2015	06	01	學生轉系（所）申請，學士班學生加修輔系、雙主修申請開始
2015	06	01	畢業班學生申請放棄輔系、雙主修截止日，提前畢業學生提出畢業申請截止日，提出棄選申請截止日
2015	06	08	召開第106次校務會議
2015	06	08	社會服務學習執行計畫第二梯次選擇開始
2015	06	12	104學年度第1學期第一階段選課開始
2015	06	12	社會服務學習執行計畫第二梯次選擇結束
2015	06	13	畢業典禮
2015	06	15	學生轉系（所）申請，學士班學生加修輔系、雙主修申請結束
2015	06	15	第2學期研究生學位考試申請截止日
2015	06	18	104學年度第1學期第一階段選課結束
2015	06	18	上課最後一天，更改不列入畢業學分屬性申請截止日，申請本學期休學截止日
2015	06	19	端午節逢星期六補假（依行政院公告）
2015	06	20	端午節 ，圖書館休館
2015	06	22	期末考試週開始
2015	06	24	暑期班選課開始
2015	06	26	暑期班選課結束
2015	06	28	期末考試週結束

2015	07	01	暑假開始(圖書館暑假開館時間開始)，任課教師送繳學士班應屆畢業生成績截止
2015	07	02	103學年度暑期班上課開始
2015	07	05	學生宿舍退宿完畢
2015	07	06	任課教師送繳學期成績截止
2015	07	31	各系所向教學組提出申請104學年度第1學期逕讀博士學位之學生有關資料截止日，第2學期研究生學位考試結束，學士班當學期畢業生登錄「英文能力」及「資訊能力」最後截止