2015 08 01 第1學期開始
2015 08 21 第1學期新生學雜費減免申請開始
2015 08 23 祖父母節
2015 08 26 103學年度暑期班上課最後一天
2015 08 26 103學年度第2學期完成學位考試之研究生最後離校日
2015 08 27 103學年度暑期班考試週開始
2015 08 31 暑假結束
2015 08 31 第1學期新生學雜費減免申請截止、弱勢助學計畫申請開始
2015 09 01 圖書館、體育館恢復學期中開館時間
2015 09 01 游泳教學開始
2015 09 02 103學年度暑期班考試週結束
2015 09 04 學生宿舍開始進住
2015 09 06 新生(含專班)第1學期就學貸款申請截止日
2015 09 07 教師送繳103學年度暑期班成績截止日
2015 09 07 新生(含專班)抵免學分申請開始
2015 09 07 新生註冊週開始
2015 09 09 新生（含專班）第一階段選課開始
2015 09 11 新生註冊週結束
2015 09 13 新生（含專班）第一階段選課結束
2015 09 14 上課開始
2015 09 14 學生加退選（第二階段選課）開始
2015 09 14 研究生舊生註冊
2015 09 14 碩士專班舊生註冊開始
2015 09 14 第1學期研究生學位考試申請開始
2015 09 15 學士班舊生註冊開始
2015 09 16 全體在校生(含專班）註冊截止日
2015 09 16 學士班舊生註冊結束
2015 09 16 碩士專班舊生註冊結束
2015 09 21 新生(含專班)抵免學分申請結束
2015 09 27 中秋節
2015 09 27 圖書館、體育館休館
2015 09 28 中秋節逢星期日補假
2015 09 29 學生加退選（第二階段選課）結束
2015 09 29 第1學期研究生學位考試開始
2015 09 30 社會服務學習執行計畫第一梯次選擇開始
2015 10 04 社會服務學習執行計畫第一梯次選擇結束
2015 10 09 國慶日逢星期六補假
2015 10 10 國慶日
2015 10 12 召開第109次校務會議
2015 10 15 學生及實習教師繳交「不參加學生團體保險切結書」截止日
2015 10 20 弱勢學生助學計畫補助申請截止日
2015 10 23 學生申請休、退學退費上課達1/3基準日
2015 10 31 本校校慶暨運動會
2015 11 09 期中考試週開始
2015 11 15 期中考試週結束
2015 11 16 提出當學期棄選、更改不列入畢業學分屬性申請開始
2015 11 30 游泳教學結束
2015 12 01 第2學期學雜費減免申請開始
2015 12 04 學生申請休、退學退費上課達2/3基準日
2015 12 15 第1學期研究生學位考試申請截止日
2015 12 17 社會服務學習執行計畫第二梯次選擇開始
2015 12 21 社會服務學習執行計畫第二梯次選擇結束
2015 12 30 畢業班學生申請放棄輔系、雙主修截止日
2015 12 31 提出當學期棄選申請截止日
2015 12 31 提前畢業學生提出畢業申請截止日
2015 12 31 第2學期學雜費減免申請結束
2016 01 01 中華民國開國紀念日
2016 01 01 第2學期第一階段選課開始
2016 01 07 第2學期第一階段選課結束
2016 01 08 上課最後一天
2016 01 08 更改不列入畢業學分屬性申請截止日
2016 01 08 申請本學期休學截止日
2016 01 09 期末考試週開始
2016 01 11 召開第110次校務會議
2016 01 15 各系所向教學組提出申請第2學期逕讀博士學位學生有關資料截止日
2016 01 15 期末考試週結束
2016 01 15 第1學期研究生學位考試結束
2016 01 18 寒假開始(圖書館、體育館寒假開館時間開始)
2016 01 20 學生宿舍退宿完畢
2016 01 27 任課教師送繳學期成績截止日
2016 01 30 全校停電（特高壓電力設備年度保養），圖書館、體育館休館
2016 01 31 學士班當學期畢業生登錄「英文能力」及「資訊能力」最後截止日
2016 01 31 第1學期結束
2016 02 01 第2學期開始
2016 02 03 第1學期完成學位考試之研究生最後離校日
2016 02 07 圖書館、體育館休館，學生宿舍關閉開始
2016 02 07 農曆除夕
2016 02 08 春節開始
2016 02 11 春節結束
2016 02 12 圖書館、體育館休館，學生宿舍關閉結束
2016 02 17 提早入學新生、新增課程抵免學分申請開始
2016 02 19 學生宿舍開始進住
2016 02 19 寒假結束(圖書館、體育館恢復學期中開館時間)
2016 02 19 第2學期就學貸款申請截止日
2016 02 22 上課開始
2016 02 22 學生加退選（第二階段選課）開始
2016 02 22 提早入學新生註冊，研究生註冊
2016 02 22 碩士專班學生註冊開始
2016 02 22 第2學期研究生學位考試申請開始
2016 02 23 學士班學生註冊開始
2016 02 24 全體在校生（含專班）註冊截止日
2016 02 24 學士班學生註冊結束
2016 02 24 碩士專班學生註冊結束
2016 02 28 和平紀念日
2016 02 29 和平紀念日逢星期日補假（依行政院公告）
2016 03 01 提早入學新生、新增課程抵免學分申請結束
2016 03 07 學生加退選（第二階段選課）結束
2016 03 07 第2學期研究生學位考試開始
2016 03 08 社會服務學習執行計畫第一梯次選擇開始
2016 03 12 社會服務學習執行計畫第一梯次選擇結束
2016 03 15 學生繳交「不參加學生團體保險切結書」截止日
2016 03 30 學生申請休、退學退費上課達1/3基準日
2016 03 31 校際活動（停課，課程由教師自行擇期補課）
2016 04 01 校際活動（停課，課程由教師自行擇期補課）
2016 04 01 游泳教學開始
2016 04 04 兒童節、民族掃墓節，圖書館、體育館休館
2016 04 05 兒童節、民族掃墓節同一日補假一天（依行政院公告）
2016 04 06 補運動會活動未放假（放假一天）
2016 04 18 召開第111次校務會議
2016 04 18 期中考試週開始
2016 04 24 期中考試週結束
2016 04 25 提出本學期棄選、更改不列入畢業學分屬性申請開始
2016 05 01 105學年度第1學期學雜費減免申請開始
2016 05 01 勞動節
2016 05 13 學生申請休、退學退費上課達2/3基準日
2016 05 30 畢業班學生申請放棄輔系、雙主修截止日
2016 05 31 105學年度第1學期學雜費減免申請結束
2016 05 31 提前畢業學生提出畢業申請截止日，提出棄選申請截止日
2016 06 01 學生轉系（所）申請，學士班學生加修輔系、雙主修申請開始
2016 06 02 社會服務學習執行計畫第二梯次選擇開始
2016 06 06 社會服務學習執行計畫第二梯次選擇結束
2016 06 09 端午節
2016 06 09 體育館休館
2016 06 10 105學年度第1學期第一階段選課開始
2016 06 10 調整放假，補行上班日依行政院公告
2016 06 11 畢業典禮
2016 06 13 召開第112 次校務會議
2016 06 15 學生轉系（所）申請，學士班學生加修輔系、雙主修申請結束
2016 06 15 第2學期研究生學位考試申請截止日
2016 06 16 105學年度第1學期第一階段選課結束
2016 06 17 上課最後一天
2016 06 17 更改不列入畢業學分屬性申請截止日
2016 06 17 申請本學期休學截止日
2016 06 18 期末考試週開始
2016 06 24 暑期班選課開始
2016 06 24 期末考試週結束
2016 06 27 暑期班選課結束
2016 06 29 任課教師送繳學士班應屆畢業生成績截止
2016 06 30 游泳教學結束
2016 07 01 暑假開始(圖書館、體育館暑假開館時間開始)
2016 07 03 學生宿舍退宿完畢
2016 07 04 104學年度暑期班上課開始
2016 07 04 任課教師送繳學期成績截止
2016 07 29 各系所向教學組提出申請105學年度第1學期逕讀博士學位之學生有關資料截止日
2016 07 31 學士班當學期畢業生登錄「英文能力」及「資訊能力」最後截止日
2016 07 31 第2學期研究生學位考試結束
2016 07 31 第2學期結束