2016 08 01 第1學期開始
2016 08 10 第1學期新生學雜費減免申請開始日
2016 08 20 弱勢助學計畫申請開始日
2016 08 20 第1學期新生學雜費減免申請截止日
2016 08 24 104學年度第2學期完成學位考試之研究生離校截止日
2016 08 28 104學年度暑期班上課最後一天
2016 08 28 祖父母節
2016 08 29 104學年度暑期班考試週開始
2016 08 31 暑假結束
2016 09 01 圖書館、體育館恢復學期中開館時間
2016 09 01 游泳教學開始
2016 09 02 學生宿舍進住開始日
2016 09 04 104學年度暑期班考試週結束
2016 09 05 新生(含專班)抵免學分申請開始
2016 09 05 新生(含專班)第1學期就學貸款申請截止日
2016 09 05 新生註冊週開始
2016 09 07 104學年度暑期班教師送繳成績截止日
2016 09 07 新生(含專班)第一階段選課開始
2016 09 09 新生註冊週結束
2016 09 11 新生(含專班)第一階段選課結束
2016 09 12 學生加退選(第二階段選課）開始
2016 09 12 碩士專班舊生註冊開始
2016 09 12 第1學期上課開始，研究生舊生註冊，研究生學位考試申請開始日
2016 09 13 學士班舊生註冊開始
2016 09 14 全體在校生（含專班）註冊截止日
2016 09 14 學士班舊生註冊結束
2016 09 14 碩士專班舊生註冊結束
2016 09 15 中秋節，圖書館、體育館休館
2016 09 16 調整放假（補行上班日依行政院公告)
2016 09 19 新生(含專班)抵免學分申請結束
2016 09 26 學生加退選(第二階段選課）結束
2016 09 26 第1學期研究生學位考試開始日
2016 09 27 社會服務學習執行計畫第一梯次選擇開始
2016 10 01 社會服務學習執行計畫第一梯次選擇結束
2016 10 10 國慶日
2016 10 17 召開第113次校務會議,學生及實習教師繳交「不參加學生團體保險切結書」截止日
2016 10 21 學生申請休、退學退費上課達1/3基準日，弱勢學生助學計畫補助申請截止日
2016 10 29 本校校慶運動會
2016 10 31 本校校慶
2016 11 05 期中考試週開始
2016 11 11 期中考試週結束
2016 11 14 第1學期科目棄選、更改不列入畢業學分屬性申請開始日
2016 11 30 游泳教學結束
2016 12 01 第2學期學雜費減免申請開始
2016 12 02 學生申請休、退學退費上課達2/3基準日
2016 12 15 第1學期研究生學位考試申請截止日
2016 12 16 社會服務學習執行計畫第二梯次選擇開始
2016 12 20 社會服務學習執行計畫第二梯次選擇結束
2016 12 26 召開第114次校務會議
2016 12 30 學士班學生提前畢業申請截止日
2016 12 30 畢業班學生放棄輔系、雙主修申請截止日
2016 12 30 第1學期科目棄選申請截止日
2016 12 30 第2學期第一階段選課開始
2016 12 31 第2學期學雜費減免申請結束
2017 01 01 中華民國開國紀念日
2017 01 02 中華民國開國紀念日逢星期日補假（依行政院公告）
2017 01 06 更改不列入畢業學分屬性申請截止日
2017 01 06 第1學期上課最後一天
2017 01 06 第1學期休學申請截止日
2017 01 06 第2學期第一階段選課結束
2017 01 07 期末考試週開始
2017 01 13 期末考試週結束
2017 01 15 各系所向教學組提出申請第2學期逕讀博士學位學生有關資料截止日
2017 01 15 第1學期研究生學位考試截止日
2017 01 16 寒假開始(圖書館、體育館寒假開館時間開始)
2017 01 18 學生宿舍退宿截止日
2017 01 23 第1學期任課教師送繳學期成績截止日
2017 01 27 農曆除夕，圖書館休館，學生宿舍關閉
2017 01 28 春節，圖書館休館，學生宿舍關閉開始
2017 01 31 第1學期學士班畢業生「英文能力」及「資訊能力」登錄截止日
2017 01 31 第1學期結束
2017 02 01 春節，圖書館休館，學生宿舍關閉結束
2017 02 01 第2學期開始
2017 02 06 第1學期完成學位考試之研究生離校截止日
2017 02 12 全校停電（特高壓電力設備年度保養），圖書館、體育館休館
2017 02 15 提早入學新生、新增課程抵免學分申請開始
2017 02 17 學生宿舍進住開始日
2017 02 17 寒假結束(圖書館、體育館恢復學期中開館時間)
2017 02 17 第2學期就學貸款申請截止日
2017 02 20 學生加退選開始（第二階段選課）
2017 02 20 提早入學新生註冊
2017 02 20 研究生學位考試申請開始日
2017 02 20 研究生註冊
2017 02 20 碩士專班學生註冊開始
2017 02 20 第2學期上課開始
2017 02 21 學士班學生註冊開始
2017 02 22 全體在校生（含專班）註冊截止日
2017 02 22 學士班學生註冊結束
2017 02 22 碩士專班學生註冊結束
2017 02 27 提早入學新生、新增課程抵免學分申請結束
2017 02 27 調整放假（補行上班日依行政院公告）
2017 02 28 和平紀念日
2017 03 06 學生加退選結束（第二階段選課）
2017 03 06 第2學期研究生學位考試開始日
2017 03 07 社會服務學習執行計畫第一梯次選擇開始
2017 03 10 社會服務學習執行計畫第一梯次選擇結束
2017 03 15 學生繳交「不參加學生團體保險切結書」截止日
2017 03 29 學生申請休、退學退費上課達1/3基準日
2017 03 30 校際活動（停課，課程由教師自行擇期補課）
2017 03 31 校際活動（停課，課程由教師自行擇期補課）
2017 04 01 游泳教學開始
2017 04 03 兒童節、民族掃墓節同一日補假一天（依行政院公告）
2017 04 04 兒童節、民族掃墓節，圖書館、體育館休館
2017 04 05 補運動會活動未放假（放假一天）
2017 04 10 召開第115次校務會議
2017 04 15 期中考試週開始
2017 04 21 期中考試週結束
2017 04 24 第2學期科目棄選、更改不列入畢業學分屬性申請開始日
2017 05 01 106學年度第1學期學雜費減免申請開始
2017 05 01 勞動節
2017 05 12 學生申請休、退學退費上課達2/3基準日
2017 05 29 調整放假（補行上班日依行政院公告）
2017 05 30 圖書館、體育館休館
2017 05 30 端午節
2017 05 31 106學年度第1學期學雜費減免申請結束
2017 05 31 學士班學生提前畢業申請截止日
2017 05 31 畢業班學生放棄輔系、雙主修申請截止日
2017 05 31 第2學期科目棄選申請截止日
2017 06 01 學士班學生加修輔系、雙主修申請開始
2017 06 01 學生轉系（所）申請開始
2017 06 02 社會服務學習執行計畫第二梯次選擇開始
2017 06 06 社會服務學習執行計畫第二梯次選擇結束
2017 06 09 106學年度第1學期第一階段選課開始
2017 06 10 畢業典禮
2017 06 12 召開第116次校務會議
2017 06 15 學士班學生加修輔系、雙主修申請結束
2017 06 15 學生轉系（所）申請結束
2017 06 15 第2學期研究生學位考試申請截止日
2017 06 16 106學年度第1學期第一階段選課結束
2017 06 16 更改不列入畢業學分屬性申請截止日
2017 06 16 第2學期上課最後一天
2017 06 16 第2學期休學申請截止日
2017 06 17 期末考試週開始
2017 06 23 暑期班選課開始
2017 06 23 期末考試週結束
2017 06 26 暑期班選課結束
2017 06 28 第2學期任課教師送繳學士班應屆畢業生成績截止日
2017 06 30 游泳教學結束
2017 07 01 暑假開始(圖書館、體育館暑假開館時間開始)
2017 07 02 學生宿舍退宿截止日
2017 07 03 第2學期任課教師送繳學期成績截止日，105學年度暑期班上課開始日
2017 07 31 各系所向教學組提出申請106學年度第1學期逕讀博士學位之學生有關資料截止日
2017 07 31 第2學期學士班畢業生「英文能力」及「資訊能力」登錄截止日
2017 07 31 第2學期研究生學位考試截止日
2017 07 31 第2學期結束