2018 08 01 第1學期開始
2018 08 10 第1學期新生學雜費減免申請開始
2018 08 13 新生(含專班)第1學期就學貸款申請開始
2018 08 20 第1學期新生學雜費減免申請結束
2018 08 20 第1學期弱勢助學計畫申請開始
2018 08 22 106學年度第2學期完成學位考試之研究生離校截止日
2018 08 26 祖父母節
2018 08 28 106學年度暑期班上課最後一天
2018 08 29 106學年度暑期班考試週開始
2018 08 31 學生宿舍進住開始日
2018 08 31 新生(含專班)第1學期就學貸款申請結束
2018 09 01 游泳教學開始
2018 09 01 圖書館恢復學期中開館時間
2018 09 03 新生(含專班)抵免學分申請開始
2018 09 03 新生註冊週開始
2018 09 04 106學年度暑期班考試週結束
2018 09 05 新生(含專班)第一階段選課開始
2018 09 07 106學年度暑期班教師送繳成績截止日
2018 09 07 新生註冊週結束
2018 09 09 新生(含專班)第一階段選課結束
2018 09 10 第1學期上課開始
2018 09 10 全體在校生（含專班）註冊截止日
2018 09 10 研究生學位考試申請開始日
2018 09 10 學生加退選(第二階段選課）開始
2018 09 17 新生(含專班)抵免學分申請結束
2018 09 24 中秋節
2018 09 24 圖書館
2018 09 24 體育館休館
2018 09 24 第1學期研究生學位考試開始日
2018 09 25 學生加退選(第二階段選課）結束
2018 09 26 社會服務學習執行計畫第一梯次選擇開始
2018 09 30 社會服務學習執行計畫第一梯次選擇結束
2018 10 10 國慶日
2018 10 15 學生及實習教師繳交「不參加學生團體保險切結書」截止日
2018 10 19 學生申請休
2018 10 19 退學退費上課達1/3基準日
2018 10 20 第1學期弱勢助學計畫申請結束
2018 10 22 召開第122次校務會議
2018 10 27 本校校慶運動會
2018 10 31 本校校慶
2018 10 31 放棄輔系
2018 10 31 雙主修申請截止日
2018 11 05 期中考試週開始
2018 11 11 期中考試週結束
2018 11 12 第1學期科目棄選
2018 11 12 更改不列入畢業學分屬性申請開始日
2018 11 30 學生申請休
2018 11 30 退學退費上課達2/3基準日
2018 11 30 游泳教學結束
2018 12 01 第2學期學雜費減免申請開始
2018 12 04 社會服務學習執行計畫第二梯次選擇開始
2018 12 08 社會服務學習執行計畫第二梯次選擇結束
2018 12 17 第1學期研究生學位考試申請截止日
2018 12 21 第2學期第一階段選課開始
2018 12 22 補行上班
2018 12 24 召開第123次校務會議
2018 12 27 第2學期第一階段選課結束
2018 12 28 學士班學生提前畢業申請截止日
2018 12 28 第1學期科目棄選申請截止日
2018 12 31 第2學期學雜費減免申請結束
2018 12 31 調整放假
2019 01 01 中華民國開國紀念日
2019 01 02 各系所107學年度第2學期轉所審查結果送教學組截止日
2019 01 04 第1學期上課最後一天
2019 01 04 第1學期休學申請截止日
2019 01 04 更改不列入畢業學分屬性申請截止日
2019 01 05 期末考試週開始
2019 01 11 期末考試週結束
2019 01 14 圖書館寒假開館時間開始
2019 01 15 各系所107學年度第2學期逕讀博士學位學生審查結果送教學組截止日
2019 01 15 學生宿舍退宿截止日
2019 01 21 第1學期任課教師送繳學期成績截止日
2019 01 23 第1學期研究生學位考試截止日
2019 01 31 第1學期學士班畢業生「英文能力」及「資訊能力」登錄截止日
2019 01 31 第1學期結束
2019 02 01 第2學期開始
2019 02 02 全校停電（特高壓電力設備年度保養）
2019 02 02 圖書館
2019 02 02 體育館休館
2019 02 02 學生宿舍關閉
2019 02 03 學生宿舍關閉
2019 02 04 農曆除夕
2019 02 04 圖書館
2019 02 04 體育館休館
2019 02 04 學生宿舍關閉
2019 02 05 春節
2019 02 05 圖書館
2019 02 05 體育館休館
2019 02 05 學生宿舍關閉開始
2019 02 07 春節
2019 02 07 圖書館
2019 02 07 體育館休館
2019 02 07 學生宿舍關閉結束
2019 02 08 調整放假（補行上班日依行政院公告)
2019 02 11 提早入學新生
2019 02 11 新增課程抵免學分申請開始
2019 02 13 第1學期完成學位考試之研究生離校截止日
2019 02 15 圖書館恢復學期中開館時間
2019 02 15 學生宿舍進住開始日
2019 02 15 第2學期就學貸款申請截止日
2019 02 18 第2學期上課開始
2019 02 18 提早入學新生註冊
2019 02 18 全體在校生（含專班）註冊截止日
2019 02 18 研究生學位考試申請開始日
2019 02 18 學生加退選（第二階段選課）開始
2019 02 25 提早入學新生
2019 02 25 新增課程抵免學分申請結束
2019 02 28 和平紀念日
2019 03 01 調整放假（補行上班日依行政院公告)
2019 03 04 第2學期研究生學位考試開始日
2019 03 04 學生加退選（第二階段選課）結束
2019 03 05 社會服務學習執行計畫第一梯次選擇開始
2019 03 09 社會服務學習執行計畫第一梯次選擇結束
2019 03 15 學生繳交「不參加學生團體保險切結書」截止日
2019 03 29 學生申請休
2019 03 29 退學退費上課達1/3基準日
2019 04 01 補運動會活動未放假（放假一天）
2019 04 01 游泳教學開始
2019 04 02 校際活動（停課
2019 04 02 課程由教師自行擇期補課）開始
2019 04 03 校際活動（停課
2019 04 03 課程由教師自行擇期補課）結束
2019 04 04 兒童節
2019 04 04 體育館休館
2019 04 05 民族掃墓節
2019 04 05 圖書館
2019 04 05 體育館休館
2019 04 08 放棄輔系
2019 04 08 雙主修申請截止日
2019 04 15 期中考試週開始
2019 04 15 召開第124次校務會議
2019 04 21 期中考試週結束
2019 04 22 第2學期科目棄選
2019 04 22 更改不列入畢業學分屬性申請開始日
2019 05 01 勞動節
2019 05 01 108學年度第1學期學雜費減免申請開始
2019 05 10 學生申請休
2019 05 10 退學退費上課達2/3基準日
2019 05 21 社會服務學習執行計畫第二梯次選擇開始
2019 05 25 社會服務學習執行計畫第二梯次選擇結束
2019 05 31 108學年度第1學期學雜費減免申請結束
2019 05 31 學士班學生提前畢業申請截止日
2019 05 31 第2學期科目棄選申請截止日
2019 06 03 108學年度學士班學生轉系申請
2019 06 03 加修輔系
2019 06 03 雙主修申請開始
2019 06 06 108學年度第1學期第一階段選課開始
2019 06 07 端午節
2019 06 07 圖書館
2019 06 07 體育館休館
2019 06 08 畢業典禮
2019 06 13 108學年度第1學期第一階段選課結束
2019 06 14 第2學期上課最後一天
2019 06 14 第2學期休學申請截止日
2019 06 14 更改不列入畢業學分屬性申請截止日
2019 06 15 期末考試週開始
2019 06 17 召開第125次校務會議
2019 06 17 第2學期研究生學位考試申請截止日
2019 06 18 108學年度學士班學生轉系申請
2019 06 18 加修輔系
2019 06 18 雙主修申請結束
2019 06 21 期末考試週結束
2019 06 21 暑期班選課開始
2019 06 24 暑期班選課結束
2019 06 26 第2學期任課教師送繳學士班應屆畢業生成績截止日
2019 06 30 游泳教學結束
2019 07 01 圖書館暑假開館時間開始
2019 07 01 107學年度暑期班上課開始日
2019 07 01 第2學期任課教師送繳學期成績截止日
2019 07 01 各系所108學年度第1學期轉所審查結果送教學組截止日
2019 07 01 學生宿舍退宿截止日
2019 07 31 各系所108學年度第1學期逕讀博士學位學生審查結果送教學組截止日
2019 07 31 第2學期研究生學位考試截止日
2019 07 31 第2學期學士班畢業生「英文能力」及「資訊能力」登錄截止日
2019 07 31 第2學期結束
