2019 08 01 108學年度~\(≧▽≦)/~
2019 08 01 第1學期開始
2019 08 10 第1學期新生學雜費減免申請開始
2019 08 20 第1學期新生學雜費減免申請結束
2019 08 20 第1學期弱勢助學計畫申請開始
2019 08 25 祖父母節
2019 08 25 107學年度暑期班上課最後一天
2019 08 26 107學年度暑期班考試週開始
2019 08 30 107學年度第2學期完成學位考試之研究生離校截止日
2019 08 30 學生宿舍進住開始日
2019 09 01 107學年度暑期班考試週結束
2019 09 01 游泳教學開始
2019 09 02 新生註冊週開始
2019 09 02 新生(含專班)抵免學分申請開始
2019 09 03 新生(含專班)第1學期就學貸款申請截止日
2019 09 04 新生(含專班)第一階段選課開始
2019 09 06 新生註冊週結束
2019 09 06 107學年度暑期班教師送繳成績截止日
2019 09 06 第1學期學生申請休、退學全額退費截止日
2019 09 07 新生(含專班)第一階段選課結束
2019 09 09 第1學期上課開始
2019 09 09 全體在校生（含專班）註冊截止日
2019 09 09 研究生學位考試申請開始日
2019 09 09 學生加退選(第二階段選課）開始
2019 09 13 中秋節
2019 09 13 體育館休館
2019 09 16 新生(含專班)抵免學分申請結束
2019 09 20 國家防災日演習
2019 09 23 學生加退選(第二階段選課）結束
2019 09 23 第1學期研究生學位考試開始日
2019 09 24 社會服務學習執行計畫第一梯次選擇開始
2019 09 28 社會服務學習執行計畫第一梯次選擇結束
2019 10 05 調整上班
2019 10 10 國慶日
2019 10 11 調整放假
2019 10 15 學生及實習教師繳交「不參加學生團體保險切結書」截止日
2019 10 18 學生申請休、退學退費上課達 1/3 基準日
2019 10 21 第1學期弱勢助學計畫申請結束
2019 10 21 召開第 127 次校務會議
2019 10 26 本校校慶運動會
2019 10 31 本校校慶
2019 10 31 放棄輔系、雙主修申請截止日
2019 11 04 期中考試週開始
2019 11 10 期中考試週結束
2019 11 11 第1學期科目棄選
2019 11 11 更改不列入畢業學分屬性申請開始日
2019 11 29 學生申請休、退學退費上課達 2/3 基準日
2019 11 30 游泳教學結束
2019 12 01 第2學期學雜費減免申請開始
2019 12 02 社會服務學習執行計畫第二梯次選擇開始
2019 12 06 社會服務學習執行計畫第二梯次選擇結束
2019 12 16 第1學期研究生學位考試申請截止日
2019 12 23 第1學期科目棄選申請截止日
2019 12 23 召開第 128 次校務會議
2019 12 27 第2學期第一階段選課開始
2019 12 31 第2學期學雜費減免申請結束
2019 12 31 學士班學生提前畢業申請截止日
2019 12 31 各系所108學年度第2學期轉所審查結果送教學組截止日
2020 01 01 中華民國開國紀念日
2020 01 02 第2學期第一階段選課結束
2020 01 03 第1學期上課最後一天
2020 01 03 第1學期休學申請截止日
2020 01 03 更改不列入畢業學分屬性申請截止日
2020 01 04 期末考試週開始
2020 01 10 期末考試週結束
2020 01 14 學生宿舍退宿截止日
2020 01 15 各系所108學年度第2學期逕讀博士學位學生審查結果送教學組截止日
2020 01 20 第1學期任課教師送繳學期成績截止日
2020 01 21 第1學期研究生學位考試截止日
2020 01 24 農曆除夕
2020 01 24 體育館休館
2020 01 24 學生宿舍關閉
2020 01 25 春節開始
2020 01 25 體育館休館開始
2020 01 25 學生宿舍關閉開始
2020 01 29 春節結束
2020 01 29 體育館休館結束
2020 01 29 學生宿舍關閉結束
2020 01 31 第 1 學期結束
2020 02 01 第2學期開始
2020 02 08 全校停電（特高壓電力設備年度保養）
2020 02 08 體育館休館
2020 02 10 提早入學新生申請開始
2020 02 10 新增課程抵免學分申請開始
2020 02 12 第1學期完成學位考試之研究生離校截止日
2020 02 14 學生宿舍進住開始日
2020 02 14 第2學期就學貸款申請截止日
2020 02 14 第2學期學生申請休、退學全額退費截止日
2020 02 17 第2學期上課開始
2020 02 17 提早入學新生註冊
2020 02 17 全體在校生（含專班）註冊截止日
2020 02 17 研究生學位考試申請開始日
2020 02 17 學生加退選（第二階段選課）開始
2020 02 24 提早入學新生申請結束
2020 02 24 新增課程抵免學分申請結束
2020 02 28 和平紀念日
2020 03 02 學生加退選（第二階段選課）結束
2020 03 02 第2學期研究生學位考試開始日
2020 03 03 社會服務學習執行計畫第一梯次選擇開始
2020 03 07 社會服務學習執行計畫第一梯次選擇結束
2020 03 16 學生繳交「不參加學生團體保險切結書」截止日
2020 03 27 學生申請休、退學退費上課達 1/3 基準日
2020 03 31 放棄輔系、雙主修申請截止日
2020 04 01 游泳教學開始
2020 04 01 補運動會活動未放假（放假一天）
2020 04 02 民族掃墓節補假
2020 04 03 兒童節補假
2020 04 04 兒童節
2020 04 04 民族掃墓節
2020 04 04 體育館休館
2020 04 06 校際活動（停課，課程由教師自行擇期補課）開始
2020 04 07 校際活動（停課，課程由教師自行擇期補課）結束
2020 04 13 召開第129次校務會議
2020 04 13 期中考試週開始
2020 04 19 期中考試週結束
2020 04 20 第2學期科目棄選
2020 04 20 更改不列入畢業學分屬性申請開始日
2020 05 01 勞動節
2020 05 01 109 學年度第1學期學雜費減免申請開始
2020 05 08 學生申請休、退學退費上課達2/3基準日
2020 05 11 社會服務學習執行計畫第二梯次選擇開始
2020 05 15 社會服務學習執行計畫第二梯次選擇結束
2020 05 29 學士班學生提前畢業申請截止日
2020 05 29 第2學期科目棄選申請截止日
2020 05 31 109 學年度第1學期學雜費減免申請結束
2020 06 01 109學年度學士班學生轉系申請
2020 06 01 加修輔系、雙主修申請開始
2020 06 05 109學年度第1學期第一階段選課開始
2020 06 11 109學年度第1學期第一階段選課結束
2020 06 12 第2學期上課最後一天
2020 06 12 第2學期休學申請截止日
2020 06 12 更改不列入畢業學分屬性申請截止日
2020 06 13 畢業典禮
2020 06 13 期末考試週開始
2020 06 15 109學年度學士班學生轉系申請結束
2020 06 15 加修輔系、雙主修申請結束
2020 06 15 第2學期研究生學位考試申請截止日
2020 06 15 召開第 130 次校務會議
2020 06 19 期末考試週結束
2020 06 19 暑期班選課開始
2020 06 22 暑期班選課結束
2020 06 24 第2學期任課教師送繳學士班應屆畢業生成績截止日
2020 06 25 端午節
2020 06 25 體育館休館
2020 06 26 端午節調整放假（6/20補行上班)
2020 06 29 第2學期任課教師送繳學期成績截止日
2020 06 29 學生宿舍退宿截止日
2020 06 30 各系所109學年度第1學期轉所審查結果送教學組截止日
2020 06 30 游泳教學結束
2020 07 01 108學年度暑期班上課開始日
2020 07 31 各系所109學年度第1學期逕讀博士學位學生審查結果送教學組截止日
2020 07 31 第2學期研究生學位考試截止日
2020 07 31 第2學期結束
